"F3D0","F3D1","F3D2","F3D3","F3D5","F3D6","F3D7","F3D8","F3D9"
"F3D0",0,0.377019430010208,0.383986493880143,0.477018626028252,0.341528836074895,0.36302412887957,0.426176609232293,0.4068431723954,0.385011834256711
"F3D1",0.377019430010208,0,0.305083111443166,0.477656020102807,0.31014824665094,0.385154600206784,0.483460915335139,0.345046662721056,0.338209555018433
"F3D2",0.383986493880143,0.305083111443166,0,0.275756006627832,0.277658171882139,0.263709132823242,0.320151066510407,0.31202747449565,0.287661408873677
"F3D3",0.477018626028252,0.477656020102807,0.275756006627832,0,0.33436965811971,0.268928726131,0.217357001972607,0.34162178580514,0.334537803846832
"F3D5",0.341528836074895,0.31014824665094,0.277658171882139,0.33436965811971,0,0.281385646410042,0.325846140149444,0.25303471567415,0.224638014825208
"F3D6",0.36302412887957,0.385154600206784,0.263709132823242,0.268928726131,0.281385646410042,0,0.190001638256949,0.26223563564374,0.227825277729053
"F3D7",0.426176609232293,0.483460915335139,0.320151066510407,0.217357001972607,0.325846140149444,0.190001638256949,0,0.281404049111777,0.284042425413097
"F3D8",0.4068431723954,0.345046662721056,0.31202747449565,0.34162178580514,0.25303471567415,0.26223563564374,0.281404049111777,0,0.131299077262007
"F3D9",0.385011834256711,0.338209555018433,0.287661408873677,0.334537803846832,0.224638014825208,0.227825277729053,0.284042425413097,0.131299077262007,0
